    Варианты задания к лабораторной №4
Гр. 201,206 - нечетные(2n-1), 207,208 - четные(2n)
n - номер по списку группы.

№№ $float $id $idq
 1    1     1    1
 2    2     2    2
 3    3     3    3
 4    4     4    4
 5    5     5    5
 6    6     6    1
 7    7     1    2
 8    8     2    3
 9    9     3    4
10   10     4    5
11   11     5    1
12   12     6    2
13   13     1    3
14   14     2    4
15   15     3    5
16   16     4    1
17   17     5    2
18   18     6    3
19   19     1    4
20    1     2    5
21    2     3    1
22    3     4    2
23    4     5    3
24    5     6    4
25    6     1    5
26    7     2    1
27    8     3    2
28    9     4    3
29   10     5    4
30   11     6    5
31   12     1    1
32   13     2    2
33   14     3    3
34   15     4    4
35   16     5    5
36   17     6    1
37   18     1    2
38   19     2    3
39    1     3    4
40    2     4    5
41    3     5    1
42    4     6    2
43    5     1    3
44    6     2    4
